Upper Bound:     601.21
Lower Bound:     423.81
Running time:     719.52

Solution: 
0      4     17     37     44     42     19     40     41     13     18      0      
0     27      1     22     31     28      3     20     36     35     26      8      0      
0     32     11     50     21     29      2     16     38      5      0      
0     46     49      9     34     30     10     39     33     45     15      0      
0     47     12      0      
0     48      6     14     25     24     43      7     23      0      
