Cost:    3344.82
Running time:       0.01

Solution: 
0      6      5     17     14     13      2      4     12      3      9      1     10     11      7      8      0      
0     27     28     26     25     24     29     20     19     36     18     16     15     41     22     23     21      0      
0     37     44     38     43     42     31     32     30     35     34     33     55     39     40      0      
0     53     57     56     54     50     51     63     48     47     49     46     45     60     52      0      
0     69     62     64     66     65     68     67     61     59     58      0      
0     73     74     75     72     80     76     77     79     78     81     71     70     82     83     84      0      
0     94     87     92     91     86     85     93     96     89     88     90    101      0      
0    106    107    103    102    109    110    105    117     97    100     98    104     99     95      0      
0    111    116    122    108    114    118    113    119    115    112      0      
0    133    130    121    129    120    128    131    126    123    124    125    127    132      0      
0    146    148    143    136    135    134    139    138    137    145    144    142    140    141    173      0      
0    154    157    150    155    149    152    151    147    153    156      0      
0    166    162    159    160    161    164    158    163    165      0      
0    174    168    175    167    176    169    177    179    170    171    172      0      
0    182    181    185    184    180    187    186    178    183      0      
0    192    191    193    199    194    190    189    188    196    195      0      
0    198    197      0      
